# Created by Octave 4.2.1, Sun Oct 15 20:29:35 2017 GMT <unknown@unknown>
# name: v
# type: matrix
# rows: 2
# columns: 2
 1 2
 3 4


